5760 2279
813 813 0
814 814 0
829 829 0
859 859 0
874 874 0
875 875 0
904 904 0
905 905 0
919 919 0
920 920 0
934 934 0
935 935 0
948 948 0
949 949 0
950 950 0
964 964 0
978 978 0
979 979 0
980 980 0
992 992 0
993 993 0
994 994 0
995 995 0
1007 1007 0
1008 1008 0
1009 1009 0
1010 1010 0
1022 1022 0
1023 1023 0
1024 1024 0
1025 1025 0
1026 1026 0
1037 1037 0
1038 1038 0
1039 1039 0
1040 1040 0
1041 1041 0
1052 1052 0
1053 1053 0
1054 1054 0
1055 1055 0
1056 1056 0
1067 1067 0
1068 1068 0
1069 1069 0
1070 1070 0
1071 1071 0
1083 1083 0
1084 1084 0
1085 1085 0
1086 1086 0
1097 1097 0
1098 1098 0
1099 1099 0
1100 1100 0
1101 1101 0
1112 1112 0
1113 1113 0
1114 1114 0
1115 1115 0
1116 1116 0
1127 1127 0
1128 1128 0
1129 1129 0
1130 1130 0
1131 1131 0
1142 1142 0
1143 1143 0
1144 1144 0
1145 1145 0
1146 1146 0
1157 1157 0
1158 1158 0
1159 1159 0
1160 1160 0
1171 1171 0
1172 1172 0
1173 1173 0
1174 1174 0
1175 1175 0
1187 1187 0
1188 1188 0
1189 1189 0
1190 1190 0
1202 1202 0
1203 1203 0
1204 1204 0
1205 1205 0
1206 1206 0
1217 1217 0
1218 1218 0
1219 1219 0
1220 1220 0
1221 1221 0
1233 1233 0
1234 1234 0
1235 1235 0
1248 1248 0
1249 1249 0
1250 1250 0
1263 1263 0
1264 1264 0
1265 1265 0
1266 1266 0
1278 1278 0
1279 1279 0
1280 1280 0
1281 1281 0
1293 1293 0
1294 1294 0
1295 1295 0
1308 1308 0
1309 1309 0
1310 1310 0
1311 1311 0
1324 1324 0
1325 1325 0
1339 1339 0
1340 1340 0
1353 1353 0
1354 1354 0
1355 1355 0
1368 1368 0
1369 1369 0
1370 1370 0
1383 1383 0
1384 1384 0
1385 1385 0
1398 1398 0
1399 1399 0
1400 1400 0
1413 1413 0
1414 1414 0
1415 1415 0
1429 1429 0
1444 1444 0
1445 1445 0
1446 1446 0
1459 1459 0
1460 1460 0
1461 1461 0
1474 1474 0
1475 1475 0
1476 1476 0
1488 1488 0
1489 1489 0
1490 1490 0
1503 1503 0
1504 1504 0
1505 1505 0
1518 1518 0
1519 1519 0
1520 1520 0
1534 1534 0
1549 1549 0
1564 1564 0
1579 1579 0
1580 1580 0
1594 1594 0
1595 1595 0
1640 1640 0
3351 3351 0
3365 3365 0
3380 3380 0
3395 3395 0
3410 3410 0
3425 3425 0
3426 3426 0
3440 3440 0
3455 3455 0
3470 3470 0
3471 3471 0
3485 3485 0
3500 3500 0
3501 3501 0
3515 3515 0
3516 3516 0
3517 3517 0
3530 3530 0
3531 3531 0
3532 3532 0
3544 3544 0
3545 3545 0
3546 3546 0
3559 3559 0
3560 3560 0
3574 3574 0
3575 3575 0
3576 3576 0
3589 3589 0
3590 3590 0
3591 3591 0
3605 3605 0
3606 3606 0
3607 3607 0
3620 3620 0
3621 3621 0
3622 3622 0
3635 3635 0
3636 3636 0
3637 3637 0
3650 3650 0
3651 3651 0
3652 3652 0
3665 3665 0
3666 3666 0
3680 3680 0
3681 3681 0
3682 3682 0
3694 3694 0
3695 3695 0
3696 3696 0
3697 3697 0
3698 3698 0
3709 3709 0
3710 3710 0
3711 3711 0
3712 3712 0
3713 3713 0
3724 3724 0
3725 3725 0
3726 3726 0
3727 3727 0
3739 3739 0
3740 3740 0
3741 3741 0
3742 3742 0
3753 3753 0
3754 3754 0
3755 3755 0
3756 3756 0
3757 3757 0
3769 3769 0
3770 3770 0
3771 3771 0
3772 3772 0
3784 3784 0
3785 3785 0
3786 3786 0
3787 3787 0
3788 3788 0
3799 3799 0
3800 3800 0
3801 3801 0
3802 3802 0
3814 3814 0
3815 3815 0
3816 3816 0
3817 3817 0
3818 3818 0
3829 3829 0
3830 3830 0
3831 3831 0
3832 3832 0
3833 3833 0
3844 3844 0
3845 3845 0
3846 3846 0
3847 3847 0
3848 3848 0
3859 3859 0
3860 3860 0
3861 3861 0
3862 3862 0
3863 3863 0
3875 3875 0
3876 3876 0
3877 3877 0
3878 3878 0
3890 3890 0
3891 3891 0
3892 3892 0
3893 3893 0
3904 3904 0
3905 3905 0
3906 3906 0
3907 3907 0
3908 3908 0
3919 3919 0
3920 3920 0
3921 3921 0
3922 3922 0
3923 3923 0
3934 3934 0
3935 3935 0
3936 3936 0
3937 3937 0
3949 3949 0
3950 3950 0
3951 3951 0
3952 3952 0
3953 3953 0
3965 3965 0
3966 3966 0
3967 3967 0
3979 3979 0
3980 3980 0
3981 3981 0
3982 3982 0
3983 3983 0
3995 3995 0
3996 3996 0
3997 3997 0
4010 4010 0
4011 4011 0
4012 4012 0
4025 4025 0
4026 4026 0
4027 4027 0
4028 4028 0
4040 4040 0
4041 4041 0
4055 4055 0
4056 4056 0
4057 4057 0
4058 4058 0
4070 4070 0
4071 4071 0
4084 4084 0
4085 4085 0
4100 4100 0
4131 4131 0
4145 4145 0
813 814 -5.615986879834934
814 829 -0.11755587465579247
874 875 0.14999637398839596
904 905 -5.615986879834934
904 919 0.037644127140973205
905 920 0.037644127140973205
919 920 -5.615986879834934
934 935 -5.615986879834934
934 949 -0.15991520726584507
948 949 0.27062165170007446
935 950 -0.15991520726584507
949 950 -5.615986879834934
964 979 -0.4220030853692114
978 979 -5.615986879834934
979 980 -5.615986879834934
992 993 -5.615986879834934
993 994 -5.615986879834934
994 995 -5.615986879834934
992 1007 -0.03790153608288122
993 1008 -0.03790153608288122
1007 1008 -5.615986879834934
994 1009 -0.03790153608288122
1008 1009 -5.615986879834934
995 1010 -0.03790153608288122
1009 1010 -5.615986879834934
1022 1023 -0.29446267125422787
1023 1024 -5.615986879834934
1024 1025 -5.615986879834934
1025 1026 -5.615986879834934
1022 1037 0.018558965339139883
1023 1038 0.10065991597511363
1037 1038 -5.615986879834934
1024 1039 0.10065991597511363
1038 1039 -5.615986879834934
1025 1040 0.10065991597511363
1039 1040 -5.615986879834934
1026 1041 0.10065991597511363
1040 1041 -5.615986879834934
1052 1053 -5.615986879834934
1053 1054 -5.615986879834934
1054 1055 -5.615986879834934
1055 1056 -5.615986879834934
1052 1067 0.20356018009050691
1053 1068 0.139952598744918
1067 1068 0.33305072568879834
1054 1069 0.139952598744918
1068 1069 -5.615986879834934
1055 1070 0.139952598744918
1069 1070 -5.615986879834934
1056 1071 0.139952598744918
1070 1071 -5.615986879834934
1083 1084 -5.615986879834934
1084 1085 -5.615986879834934
1085 1086 -5.615986879834934
1083 1098 -0.06434313833504778
1097 1098 -5.615986879834934
1084 1099 -0.06434313833504778
1098 1099 -5.615986879834934
1085 1100 -0.06434313833504778
1099 1100 -5.615986879834934
1086 1101 -0.06434313833504778
1100 1101 -5.615986879834934
1112 1113 -5.615986879834934
1113 1114 -5.615986879834934
1114 1115 -5.615986879834934
1115 1116 -5.615986879834934
1112 1127 0.18076707103151649
1113 1128 -0.14889180097482857
1127 1128 -0.4179239511200308
1114 1129 -0.14889180097482857
1128 1129 -5.615986879834934
1115 1130 -0.14889180097482857
1129 1130 -5.615986879834934
1116 1131 -0.14889180097482857
1130 1131 -5.615986879834934
1142 1143 -5.615986879834934
1143 1144 -5.615986879834934
1144 1145 -5.615986879834934
1145 1146 -5.615986879834934
1142 1157 0.1086109830667395
1143 1158 0.1086109830667395
1157 1158 -5.615986879834934
1144 1159 0.1086109830667395
1158 1159 -5.615986879834934
1145 1160 0.1086109830667395
1159 1160 -5.615986879834934
1171 1172 -5.615986879834934
1172 1173 -5.615986879834934
1173 1174 -5.615986879834934
1174 1175 -5.615986879834934
1172 1187 0.08007084603609851
1173 1188 0.08007084603609851
1187 1188 -5.615986879834934
1174 1189 0.08007084603609851
1188 1189 -5.615986879834934
1175 1190 0.08007084603609851
1189 1190 -5.615986879834934
1202 1203 -5.615986879834934
1203 1204 -5.615986879834934
1204 1205 -5.615986879834934
1205 1206 -5.615986879834934
1202 1217 0.068594941709792
1203 1218 0.068594941709792
1217 1218 -5.615986879834934
1204 1219 0.068594941709792
1218 1219 -5.615986879834934
1205 1220 0.068594941709792
1219 1220 -5.615986879834934
1206 1221 0.068594941709792
1220 1221 -5.615986879834934
1233 1234 -5.615986879834934
1234 1235 -5.615986879834934
1233 1248 0.07082363442358112
1234 1249 0.07082363442358112
1248 1249 -5.615986879834934
1235 1250 0.07082363442358112
1249 1250 -5.615986879834934
1263 1264 -5.615986879834934
1264 1265 -5.615986879834934
1265 1266 -5.615986879834934
1263 1278 0.32968305908295137
1264 1279 -0.0850991284881358
1278 1279 -0.08215537798884953
1265 1280 -0.0850991284881358
1279 1280 -5.615986879834934
1266 1281 -0.0850991284881358
1280 1281 -5.615986879834934
1293 1294 -5.615986879834934
1294 1295 -5.615986879834934
1293 1308 0.08452080649891076
1294 1309 0.08452080649891076
1308 1309 -5.615986879834934
1295 1310 0.08452080649891076
1309 1310 -5.615986879834934
1310 1311 -5.615986879834934
1324 1325 -5.615986879834934
1324 1339 -0.3982752247553547
1325 1340 -0.03599435356705882
1339 1340 0.09987409267385339
1353 1354 -5.615986879834934
1354 1355 -5.615986879834934
1353 1368 -0.1250233135423618
1354 1369 -0.1250233135423618
1368 1369 -5.615986879834934
1355 1370 -0.1250233135423618
1369 1370 -5.615986879834934
1383 1384 -5.615986879834934
1384 1385 -5.615986879834934
1383 1398 0.14868974970428442
1384 1399 -0.3249605937119489
1398 1399 -0.28930954989401947
1385 1400 -0.3249605937119489
1399 1400 -5.615986879834934
1413 1414 -0.17523640027113763
1414 1415 -5.615986879834934
1414 1429 0.3325176888101766
1444 1445 -5.615986879834934
1445 1446 -5.615986879834934
1444 1459 0.06573008724899458
1445 1460 0.06573008724899458
1459 1460 -5.615986879834934
1446 1461 0.06573008724899458
1460 1461 -5.615986879834934
1474 1475 -5.615986879834934
1475 1476 0.1738040616826484
1474 1489 -0.0767272388213609
1488 1489 -5.615986879834934
1475 1490 -0.3247026696611165
1489 1490 -0.1887870125529941
1503 1504 -5.615986879834934
1504 1505 -5.615986879834934
1503 1518 -0.14374128461265792
1504 1519 -0.14374128461265792
1518 1519 -5.615986879834934
1505 1520 -0.14374128461265792
1519 1520 -5.615986879834934
1534 1549 0.1061752074077871
1564 1579 -0.240460574602421
1579 1580 -5.615986879834934
1594 1595 -5.615986879834934
1112 3351 0.18076707103151649
1127 3351 -5.615986879834934
1171 3351 -5.615986879834934
1202 3351 0.1353042933337305
1217 3351 0.06319766267020732
1052 3365 0.2905866792973404
1067 3365 -0.06434313833504778
1097 3365 -5.615986879834934
1112 3365 0.2341677465603559
1127 3365 -0.15437213370706826
1171 3365 -0.15437213370706826
1202 3365 -0.2592071473325164
1217 3365 0.2762665497680637
1052 3380 -0.1258016711854908
1067 3380 -0.2996395162539385
1097 3380 -0.15437213370706826
1112 3380 0.18076707103151649
1127 3380 -5.615986879834934
1171 3380 -5.615986879834934
1202 3380 0.1353042933337305
1217 3380 0.06319766267020732
3365 3380 -0.15437213370706826
1052 3395 -0.9902744766650031
1067 3395 0.7400058769718578
1097 3395 -0.3311560798514048
1112 3395 0.6381309496836034
1127 3395 0.4548618075968618
1142 3395 0.1086109830667395
1157 3395 -5.615986879834934
1172 3395 0.4548618075968618
1187 3395 -0.0696811503556618
1202 3395 -0.27419611850842973
1217 3395 0.31044651206558904
1052 3410 0.005070927550438253
1067 3410 0.13724053174747328
1097 3410 0.10291727887955893
1112 3410 -0.18825404592132813
1127 3410 0.18995659655746167
1142 3410 -5.615986879834934
1157 3410 0.1086109830667395
1172 3410 0.18995659655746167
1187 3410 0.38489582894904606
1202 3410 -0.08470266529849013
1217 3410 0.14763623949978755
3395 3410 0.1086109830667395
992 3425 0.11874268209291622
1007 3425 -0.35036292947549275
1022 3425 0.018558965339139883
1037 3425 -5.615986879834934
1052 3425 -0.2591682066866321
1067 3425 0.44229389006239517
1097 3425 -0.8804850926507011
1112 3425 -0.4172282703958523
1127 3425 0.1659765826125721
1142 3425 -0.06233735790714756
1157 3425 -0.9237793638307392
1172 3426 0.1659765826125721
1187 3426 -0.09986940418727808
1202 3426 -0.3268982064208661
1217 3426 0.14598664566831654
3425 3426 -5.615986879834934
992 3440 -5.615986879834934
1007 3440 -0.03790153608288122
1022 3440 0.24926612400821346
1037 3440 0.11874268209291622
1052 3440 -0.9584673825904584
1067 3440 -0.39790287420073933
1097 3440 0.7473871450807827
1112 3440 -0.8010690458882899
1127 3440 -0.5256831003629112
1142 3440 0.03783416817220442
1157 3440 -0.8922019769657881
3425 3440 0.11874268209291622
992 3455 0.24926612400821346
1007 3455 0.034248020065471674
1022 3455 -5.615986879834934
1037 3455 0.018558965339139883
1052 3455 -0.8783629880150863
1067 3455 -0.31728702579092344
1083 3455 -0.31728702579092344
1098 3455 -0.12624269461380921
1113 3455 -0.14889180097482857
1128 3455 -5.615986879834934
1142 3455 -0.20690240009506272
1157 3455 0.9674190867057073
992 3470 0.03783416817220442
1007 3470 0.24832936541568928
1022 3470 -0.20690240009506272
1037 3470 -0.06233735790714756
1052 3470 0.005070927550438253
1067 3470 0.13724053174747328
1083 3470 0.13724053174747328
1098 3470 0.10291727887955893
1113 3470 -0.18825404592132813
1128 3470 -0.20690240009506272
1142 3470 -5.615986879834934
1157 3470 0.1086109830667395
3455 3470 -0.20690240009506272
1172 3471 0.1353042933337305
1187 3471 0.0157163124352561
1202 3471 -5.615986879834934
1217 3471 0.068594941709792
1263 3471 -0.09172337919187223
1278 3471 -0.40280998222014286
1293 3471 -0.06857658693720207
1308 3471 -0.2438915114082223
3470 3471 -0.08470266529849013
948 3485 -0.40867852759813494
992 3485 -0.39790287420073933
1007 3485 -0.11269030799005109
1022 3485 -0.31728702579092344
1037 3485 0.44229389006239517
1052 3485 0.20356018009050691
1067 3485 -5.615986879834934
1083 3485 -5.615986879834934
1098 3485 -0.06434313833504778
948 3500 -0.4827893751915848
992 3500 -0.45352214228919796
1007 3500 -0.49702668138669204
1022 3500 0.48585451615648045
1037 3500 -0.09986940418727808
1052 3500 -0.3298327260073548
1067 3500 0.1683470436461659
1083 3500 0.1683470436461659
1098 3500 0.19082421336214395
3485 3500 0.1683470436461659
1113 3501 0.3153551855336252
1128 3501 0.48585451615648045
1142 3501 0.38489582894904606
1157 3501 -0.0696811503556618
1172 3501 0.08007084603609851
1187 3501 -5.615986879834934
1202 3501 0.0157163124352561
1217 3501 0.13503731366219485
1263 3501 -0.33318939586432406
1278 3501 0.20439092003143877
3500 3501 -5.615986879834934
948 3515 0.10621937689513393
992 3515 -0.570368254039828
1007 3515 0.291318168026482
1023 3515 0.4945095025692281
1038 3515 -0.3387357671743254
1053 3515 -0.5636743330109908
1068 3515 -0.005688235558260146
1083 3515 0.6009304524705734
1098 3515 0.567776913468456
1113 3516 0.3591596423426813
1128 3516 -0.8277764254739166
1142 3516 -0.17932382838992722
1157 3516 -0.9571411799671843
1172 3516 -0.7541304010643104
1187 3516 0.20439092003143877
1203 3516 -0.40280998222014286
1218 3516 0.6445595077085609
1233 3516 0.9656765243012964
1248 3516 -0.3122839565085995
1263 3516 0.32968305908295137
1278 3516 -5.615986879834934
3515 3516 -5.615986879834934
1293 3517 -0.030021391480063164
1308 3517 0.10621937689513393
1383 3517 -5.615986879834934
1398 3517 0.14868974970428442
1413 3517 0.457829737649623
3516 3517 -5.615986879834934
948 3530 -5.615986879834934
992 3530 0.41027418305157093
1007 3530 0.766533439005864
1023 3530 0.4382378446668399
1038 3530 0.42624939364220427
1053 3530 -0.7740787707937085
1068 3530 0.1409854253092926
1083 3530 -0.40867852759813494
1098 3530 0.5921324646519623
3515 3530 0.10621937689513393
1113 3531 0.9968988334055995
1128 3531 -0.4873693765345477
1142 3531 0.9327034638546614
1157 3531 -0.623378811523726
1172 3531 -0.932914037677959
1187 3531 -0.4827893751915848
1203 3531 -0.2438915114082223
1218 3531 -0.05499543516787342
1233 3531 -0.2366485425314624
1248 3531 0.021272626623708657
1263 3531 0.32046177523969666
1278 3531 0.10621937689513393
3516 3531 0.10621937689513393
3530 3531 -5.615986879834934
1293 3532 0.08452080649891076
1308 3532 -5.615986879834934
1383 3532 0.10621937689513393
1398 3532 -0.17423778484103414
1413 3532 -0.07831750286507078
3517 3532 0.10621937689513393
3531 3532 -5.615986879834934
948 3544 0.41027418305157093
992 3544 -5.615986879834934
1007 3544 -0.03790153608288122
1023 3544 -0.11934201034135983
1038 3544 0.11874268209291622
1053 3545 0.32043413644740504
1068 3545 -0.1518187334378186
1083 3545 -0.5050068574125726
1098 3545 -0.2592071473325164
1113 3545 -0.07655018714257533
1128 3545 -0.3564984199321284
1142 3545 -0.08470266529849013
1157 3545 -0.27419611850842973
1172 3545 0.1353042933337305
1187 3545 0.0157163124352561
1203 3545 -5.615986879834934
1218 3545 0.068594941709792
3544 3545 -0.7876143690619792
1233 3546 -0.06665577704094272
1248 3546 -0.08028543156265744
1263 3546 -0.04515113644463287
1278 3546 -0.030021391480063164
1293 3546 -5.615986879834934
1308 3546 0.08452080649891076
1383 3546 -0.030021391480063164
1398 3546 -0.2142692986433432
3545 3546 -0.06857658693720207
948 3559 -0.05499543516787342
992 3559 0.04166880981646559
1007 3559 -0.1855345469129509
1023 3559 0.40885915273588536
1038 3559 0.14598664566831654
3544 3559 0.04166880981646559
1053 3560 0.8673794694586763
1068 3560 -0.07925454928097153
1083 3560 0.5569746641811264
1098 3560 0.2762665497680637
1113 3560 0.13529578275804122
1128 3560 -0.24225879092891556
1142 3560 0.14763623949978755
1157 3560 0.31044651206558904
1172 3560 0.06319766267020732
1187 3560 0.13503731366219485
1203 3560 0.068594941709792
1218 3560 -5.615986879834934
3545 3560 0.068594941709792
3559 3560 -5.615986879834934
948 3574 -0.17423778484103414
978 3574 -0.2360117201417974
993 3574 -0.020737190443912423
1008 3574 0.019666741698119106
1023 3574 -0.3714431038574634
1038 3574 -0.8048640982154727
1053 3575 -0.3890293121350381
1068 3575 0.5227188066337307
1083 3575 -0.5859052170683272
1098 3575 -0.3433079933414558
1113 3575 0.3642836143894639
1128 3575 0.09916301241466541
1143 3575 0.5793773540752067
1158 3575 0.5676507874722676
1173 3575 -0.47984657008267706
1188 3575 0.082532791646863
1203 3575 0.17801072525565975
1218 3575 0.3807355186419048
3574 3575 -5.615986879834934
1233 3576 -0.4005189586661404
1248 3576 -0.8851680873141308
1263 3576 -0.22568671319163047
1278 3576 0.14868974970428442
1293 3576 -0.2142692986433432
1308 3576 -0.17423778484103414
1353 3576 0.09239566216649697
1368 3576 -0.17665795213293384
1383 3576 0.14868974970428442
1398 3576 -5.615986879834934
3575 3576 -5.615986879834934
948 3589 -0.37115838291725
978 3589 0.3246838866201901
993 3589 0.9584683908992542
1008 3589 -0.2559513576873136
1023 3589 0.014529017404497191
1038 3589 -0.4008002655233367
3574 3589 0.09239566216649697
1053 3590 0.16423285007544886
1068 3590 0.47915625550089413
1083 3590 0.7093097621369473
1098 3590 0.9540318117893856
1113 3590 -0.6856977297588838
1128 3590 -0.6131895062723967
1143 3590 -0.6520101499631841
1158 3590 0.3880466936428202
1173 3590 -0.8044330034490825
1188 3590 0.6962734080158124
1203 3590 -0.09638111993200016
1218 3590 -0.7454696353228365
3575 3590 0.09239566216649697
3589 3590 -5.615986879834934
1233 3591 -0.1517909733569469
1248 3591 -0.7349192808369207
1263 3591 0.3539413676179719
1278 3591 0.44451748440852956
1293 3591 -0.4222008798363426
1308 3591 -0.37115838291725
1353 3591 -5.615986879834934
1368 3591 -0.1250233135423618
1383 3591 0.44451748440852956
1398 3591 0.09239566216649697
3576 3591 0.09239566216649697
3590 3591 -5.615986879834934
993 3605 0.1443252711789227
1008 3605 0.2197197442474772
1023 3605 0.04040643123206652
1038 3605 -0.45234542443522807
1053 3605 -0.18297064420129305
1068 3605 -0.8533980549732267
1083 3605 -0.8085413238121801
1098 3605 -0.9824585244048079
1113 3605 0.45854859870524534
1128 3605 0.2701252214884229
1143 3605 -0.06401434286465202
1158 3605 -0.41619956180969075
1173 3606 0.49561106009125155
1188 3606 0.3185766408061841
1203 3606 -0.0697843269294598
1218 3606 -0.002643045709168179
1233 3606 -0.9329140927355644
1248 3606 -0.3146964276514621
1263 3606 0.4451904237513762
1278 3606 -0.007207625724083844
1293 3606 0.09718896752611672
1308 3606 -0.9985346186679966
3605 3606 -5.615986879834934
1353 3607 -0.1250233135423618
1368 3607 -5.615986879834934
1383 3607 -0.007207625724083844
1398 3607 -0.17665795213293384
1413 3607 0.2603095735525681
1488 3607 0.13991697656150526
1503 3607 -0.2517371077230661
1518 3607 -0.17665795213293384
3606 3607 -5.615986879834934
993 3620 -0.11934201034135983
1008 3620 -0.08748625199086402
1023 3620 -5.615986879834934
1038 3620 0.10065991597511363
1053 3620 -0.2740676493213954
1068 3620 -0.15750679929203915
1083 3620 -0.36182019344273786
1098 3620 0.5290593062773985
1113 3620 0.025754423418546835
1128 3620 -0.29446267125422787
1143 3620 -0.3239365748626617
1158 3620 -0.5285299679129754
3605 3620 0.04040643123206652
1173 3621 -0.47453068155981537
1188 3621 0.9481526956868842
1203 3621 -0.30210964043066535
1218 3621 0.40885915273588536
1233 3621 -0.13923058963642398
1248 3621 0.2514876655290563
1263 3621 0.17096551310490027
1278 3621 0.4945095025692281
1293 3621 0.3716087038087149
1308 3621 0.4382378446668399
3606 3621 0.04040643123206652
3620 3621 -5.615986879834934
1353 3622 0.09239566216649697
1368 3622 -0.17665795213293384
1383 3622 0.14868974970428442
1398 3622 -5.615986879834934
1413 3622 -0.2562679928877409
1488 3622 0.1731850581921902
1503 3622 -0.14374128461265792
1518 3622 -5.615986879834934
3607 3622 -0.17665795213293384
3621 3622 -0.3714431038574634
993 3635 -0.8180925789069808
1008 3635 -0.28210602460969625
1023 3635 0.8641377875339744
1038 3635 -0.17985078537727572
1053 3635 -0.6504362092875955
1068 3635 0.7404725864719868
1084 3635 0.9300439054605256
1099 3635 0.23178517120194342
1114 3635 -0.8082128571524212
1129 3635 -0.894160500205256
1143 3635 0.727519658839672
1158 3635 -0.13426201740852184
1173 3636 0.3723360247895926
1188 3636 -0.12756445742221967
1203 3636 0.12536806831018987
1218 3636 0.2622739438197439
1233 3636 -0.42871235035542665
1248 3636 -0.16481082184584728
1264 3636 0.06026147926092418
1279 3636 -0.2582706221242326
1294 3636 -0.032722350159192004
1309 3636 -0.07831750286507078
3635 3636 -5.615986879834934
1353 3637 -0.36577516534833476
1368 3637 0.2603095735525681
1383 3637 0.457829737649623
1398 3637 -0.2562679928877409
1413 3637 -5.615986879834934
1444 3637 0.011987619600327237
1459 3637 0.34755276612441266
1474 3637 -5.615986879834934
1489 3637 -0.0767272388213609
1503 3637 0.0996305554835684
1518 3637 -0.2562679928877409
3636 3637 -5.615986879834934
993 3650 0.6885199535063582
1008 3650 0.760331327146919
1023 3650 0.30454110471002815
1038 3650 -0.5092304370491298
1053 3650 0.4583202112326048
1068 3650 0.07495931841726167
1084 3650 -0.3779526356195555
1099 3650 0.6508747203616136
1114 3650 -0.3683692450093683
1129 3650 0.4927395481572785
1143 3650 0.29171951273833785
1158 3650 -0.9860703696668351
3635 3650 0.0996305554835684
1173 3651 0.5097953900953704
1188 3651 0.8984612970345391
1203 3651 0.3438893936517038
1218 3651 0.13320812763207535
1233 3651 -0.5244000288297477
1248 3651 -0.871736834728565
1264 3651 -0.004200044056176244
1279 3651 0.21703685525928496
1294 3651 0.014018170559865095
1309 3651 0.4998793169600402
3636 3651 0.0996305554835684
3650 3651 -5.615986879834934
1353 3652 0.46336822694898316
1368 3652 -0.2517371077230661
1383 3652 -0.5854574040352949
1398 3652 -0.14374128461265792
1413 3652 0.0996305554835684
1444 3652 -0.8943010745218367
1459 3652 0.20519716821703993
1474 3652 0.0996305554835684
1489 3652 -0.0037611597698222754
1503 3652 -5.615986879834934
1518 3652 -0.14374128461265792
3637 3652 0.0996305554835684
3651 3652 -5.615986879834934
934 3665 -0.17450126678053957
949 3665 0.3271256226910486
978 3665 0.47040853023291307
993 3665 -0.4010450774537664
1008 3665 -0.31099576923802286
1023 3665 -0.13923058963642398
1038 3665 0.393091013069772
1053 3665 -0.0453726466819262
1068 3665 0.714095913759585
1084 3665 -0.8988024265321144
1099 3665 0.4181414700510817
1114 3666 -0.9203009573364245
1129 3666 0.342878547770189
1143 3666 -0.5323793265228658
1158 3666 0.7702842189099817
1173 3666 -0.20806509663201989
1188 3666 -0.12854153551042025
1203 3666 0.3686878956615838
1218 3666 0.7181115753747944
1233 3666 -5.615986879834934
1248 3666 0.07082363442358112
1264 3666 -0.5265237010183048
1279 3666 -0.14781652333315254
3665 3666 -5.615986879834934
934 3680 0.054491398757926635
949 3680 0.274340139980944
978 3680 -0.254347931647379
993 3680 -0.45412105501958333
1008 3680 -0.7566935264870758
1023 3680 -0.6099610029364912
1038 3680 -0.9649718701424397
1053 3680 0.2607757935421806
1068 3680 0.6956661572092648
1084 3680 0.6409535796195662
1099 3680 0.3902917278751403
3665 3680 0.218673531545884
1114 3681 0.013700161505547648
1129 3681 0.06911470151328003
1143 3681 -0.1562793578767243
1158 3681 0.5867074712910969
1173 3681 0.5653452265363497
1188 3681 0.28438998669503257
1203 3681 -0.9957429206773316
1218 3681 -0.03372779513581858
1233 3681 0.218673531545884
1248 3681 0.5850188343164735
1264 3681 0.9801065423091724
1279 3681 0.14638223854084853
3666 3681 0.218673531545884
3680 3681 -5.615986879834934
1294 3682 -0.08301524629781565
1309 3682 -0.034091666824734634
1353 3682 0.8634673796698231
1368 3682 -0.6765504662887873
1383 3682 0.5286388509096307
1398 3682 0.8881548136851911
1413 3682 0.011987619600327237
1444 3682 -5.615986879834934
1459 3682 0.06573008724899458
3681 3682 -5.615986879834934
813 3694 0.20835792606177167
859 3694 -0.3147668313720224
874 3694 0.14250439078607102
904 3694 0.4423999224683042
919 3694 -0.5546139872216198
934 3695 -0.16189296366449024
949 3695 -0.2673724910458628
978 3695 0.12057372802185916
993 3695 -0.05167048664446461
1008 3695 -0.8246956141133333
1024 3695 0.42128581155007905
1039 3695 -0.4768595816752488
1054 3695 0.15172230752508575
1069 3695 0.12125496059820673
1084 3695 0.2540204345870263
1099 3695 -0.35984654020930407
3694 3695 -5.615986879834934
1114 3696 0.17723622859603694
1129 3696 0.5617734494564246
1143 3696 -0.8816333313030746
1158 3696 -0.03176468599705862
1173 3696 -0.22113091868110146
1188 3696 -0.06886608159392593
1204 3696 -0.5659554277176013
1219 3696 -0.49771461999734523
1234 3696 -0.2916870090820072
1249 3696 -0.1077234625886705
1264 3696 0.29273385189327117
1279 3696 -0.2749101849629274
3695 3696 -5.615986879834934
1294 3697 0.4908356653506385
1309 3697 0.17008387786778534
1353 3697 -0.7270689976177913
1368 3697 0.6977741776506814
1384 3697 -0.6961971711121218
1399 3697 0.04096762496557638
1414 3697 -0.10262993344231286
1429 3697 -0.12740612145284533
1444 3697 -0.6121089389918011
1459 3697 -0.36522015987649237
3696 3697 -5.615986879834934
1474 3698 -0.5206638089860958
1489 3698 -0.4394660193713895
1503 3698 0.41575023948927203
1518 3698 0.02939621585459906
1564 3698 -5.615986879834934
1579 3698 -0.240460574602421
1594 3698 -5.615986879834934
3697 3698 -5.615986879834934
813 3709 -5.615986879834934
859 3709 -0.045151073925166374
874 3709 0.15225904614969799
904 3709 0.30454905786496833
919 3709 0.14404412517685328
3694 3709 0.20835792606177167
934 3710 -0.2220799972300499
949 3710 0.2152569864041115
978 3710 -5.615986879834934
993 3710 0.3881362211718564
1008 3710 0.353983364608461
1024 3710 0.7875888336001164
1039 3710 0.15255690785096498
1054 3710 0.605536042020927
1069 3710 -0.33067273912236994
1084 3710 -0.11195971482792189
1099 3710 -0.4713400610161209
3695 3710 0.12057372802185916
3709 3710 -0.017721775106402382
1114 3711 0.992690549068922
1129 3711 0.24642644461161267
1143 3711 -0.19633896049677024
1158 3711 0.25946285209606357
1173 3711 0.04939940260478526
1188 3711 -0.7742529631421542
1204 3711 -0.7249495785035098
1219 3711 -0.18174430674291764
1234 3711 0.47040853023291307
1249 3711 0.10026043322059319
1264 3711 -0.3993485702252956
1279 3711 0.3343436825967039
3696 3711 0.12057372802185916
3710 3711 -5.615986879834934
1294 3712 0.4617796618955512
1309 3712 0.8907534462341038
1353 3712 0.3246838866201901
1368 3712 -0.1258825586823784
1384 3712 -0.38091966744083683
1399 3712 0.1336074779981773
1414 3712 -0.14775534625656972
1429 3712 -0.4699019614825857
1444 3712 -0.254347931647379
1459 3712 0.25532594222349014
3697 3712 0.12057372802185916
3711 3712 -5.615986879834934
1474 3713 -0.7780269811263409
1489 3713 -0.039316227733739106
1503 3713 -0.7243678566039118
1518 3713 -0.2360117201417974
1564 3713 0.12057372802185916
1579 3713 0.2525375622112801
1594 3713 0.12057372802185916
3698 3713 0.12057372802185916
3712 3713 -5.615986879834934
874 3724 0.006401138168079856
904 3724 -5.615986879834934
919 3724 0.037644127140973205
934 3724 -0.16064479843705914
949 3724 0.1515081853434358
978 3724 -0.6888320941016648
993 3724 -0.7816577799659887
1008 3724 -0.04329778710240739
1024 3724 0.29679410838896203
1039 3724 -0.6299772430299864
1054 3725 0.5999190286746845
1069 3725 -0.8055392154673706
1084 3725 -0.3617913552096439
1099 3725 -0.16003278743231153
1114 3725 -0.5421624042458464
1129 3725 0.06855220816458374
1143 3725 0.40308266412957194
1158 3725 -0.8189591543496575
1173 3725 -0.8351596783494775
1188 3725 0.5695944488951883
1204 3725 0.47887508598458983
1219 3725 -0.5664034939159754
3724 3725 -5.615986879834934
1234 3726 0.8336701686604946
1249 3726 0.38873179562444204
1264 3726 -0.34095776728528615
1279 3726 0.03386506698338043
1294 3726 0.8491267209366693
1309 3726 0.12607022612722063
1353 3726 0.1637198981033512
1368 3726 -0.017670472625947564
1384 3726 -0.5015459459583909
1399 3726 -0.08988245576791853
3725 3726 -5.615986879834934
1414 3727 -0.7929604293664292
1429 3727 0.13438397341111274
1444 3727 -0.08206255997108003
1459 3727 0.12355804416140348
1474 3727 -0.521073146154603
1489 3727 0.47200984416546565
1503 3727 0.6993837505131619
1518 3727 -0.18513840974706075
1564 3727 0.4423999224683042
1579 3727 0.04319671321613383
3726 3727 -5.615986879834934
874 3739 -0.07927870364730816
904 3739 0.04319671321613383
919 3739 -0.08980761965406348
934 3739 0.05564570210346331
949 3739 -0.35740797439491234
978 3739 0.2525375622112801
993 3739 0.37354689327387347
1008 3739 -0.7492283636519921
1024 3739 -0.23105395812618545
1039 3739 0.05089177370831188
3724 3739 0.04319671321613383
1054 3740 -0.18140168640033316
1069 3740 0.9837807498696571
1084 3740 0.630374373608825
1099 3740 0.6378418403135571
1114 3740 0.30165812587210294
1129 3740 0.9494495566154642
1143 3740 -0.7598882959006861
1158 3740 0.621805487615668
1173 3740 0.13069366474400956
1188 3740 -0.8801189596592336
1204 3740 -0.18622949392692445
1219 3740 -0.34390799031490005
3725 3740 0.04319671321613383
3739 3740 -5.615986879834934
1234 3741 -0.597969905143074
1249 3741 0.15788615418938323
1264 3741 -0.2935312461554891
1279 3741 0.4330017248040776
1294 3741 0.983067503217675
1309 3741 -0.2918412330591762
1353 3741 -0.5786445361137953
1368 3741 -0.7910799701547933
1384 3741 -0.01596122707082226
1399 3741 0.3852634140508606
3726 3741 0.04319671321613383
3740 3741 -5.615986879834934
1414 3742 0.3352682419609154
1429 3742 0.07491562208046199
1444 3742 0.29914343374456953
1459 3742 0.48173799743704526
1474 3742 0.18550180254426807
1489 3742 -0.10011064536520076
1503 3742 -0.7019621115229386
1518 3742 0.7195710659402863
1564 3742 -0.240460574602421
1579 3742 -5.615986879834934
3727 3742 0.04319671321613383
3741 3742 -5.615986879834934
814 3753 -0.045151073925166374
829 3753 0.055117007096310455
859 3753 -5.615986879834934
874 3754 0.23444077642993555
904 3754 -0.37206892684984116
919 3754 0.1770972946156686
934 3754 0.198154301432931
949 3754 -0.17270973018220226
964 3754 0.027317525579787505
979 3754 -0.4019971561785416
994 3754 0.33520199219752245
1009 3754 -0.8903912159019467
1024 3754 0.21441631963234964
1039 3754 -0.9983095819216716
3753 3754 0.3505052944559731
1054 3755 -0.6817749438247098
1069 3755 0.24510107809772408
1084 3755 -0.9929324116807254
1099 3755 -0.2444073009391199
1114 3755 0.9436578360446388
1129 3755 -0.8143348430834063
1144 3755 -0.7671654504449412
1159 3755 0.5368560097254969
1174 3755 -0.5348249668129652
1189 3755 -0.9322694106953695
1204 3755 0.9217686345804557
1219 3755 0.5627070028853298
3754 3755 -5.615986879834934
1234 3756 -0.4524467565229766
1249 3756 0.6869339182294976
1264 3756 0.7405420968569045
1279 3756 0.8217445799003782
1294 3756 -0.04469958452203704
1309 3756 0.23278271558309416
1324 3756 0.6514712793617043
1339 3756 0.3531025350925834
1354 3756 0.4710637541767366
1369 3756 -0.29924042367421366
1384 3756 0.31051881810180126
1399 3756 -0.41767166901895103
3755 3756 -5.615986879834934
1414 3757 -0.08017337912167355
1429 3757 -0.15999196636168056
1444 3757 0.628546449630434
1459 3757 -0.6437238990018743
1474 3757 -0.6784407789816402
1489 3757 -0.7118588138063728
1504 3757 -0.9253341167245355
1519 3757 0.8438981619241817
1534 3757 0.1061752074077871
1549 3757 -5.615986879834934
1564 3757 0.6577698017358351
1579 3757 -0.8897806603304346
3756 3757 -5.615986879834934
874 3769 0.3659388178478584
904 3769 -0.14080110059999118
919 3769 0.17808368937887886
934 3769 0.48220712941025035
949 3769 -0.7147800645478086
964 3769 0.2506087310862073
979 3769 0.5381440619717079
994 3769 -0.6513146776490304
1009 3769 0.7274225503764096
1024 3769 -0.1952004529847844
1039 3769 0.049501514263122104
3754 3769 0.1061752074077871
1054 3770 -0.8376757562554302
1069 3770 0.2185226110859908
1084 3770 0.7273222661698246
1099 3770 0.3607209746579618
1114 3770 -0.009168889976534533
1129 3770 -0.40252550542313514
1144 3770 -0.07191457767406617
1159 3770 -0.35547253080311547
1174 3770 0.038271821250759785
1189 3770 -0.9954898126292506
1204 3770 0.9807287513807077
1219 3770 -0.11651898704073993
3755 3770 0.1061752074077871
3769 3770 -5.615986879834934
1234 3771 -0.15375276373914093
1249 3771 0.32853133885632624
1264 3771 0.9294681463381869
1279 3771 -0.9278679589006593
1294 3771 0.9386172441021408
1309 3771 0.17983612734363508
1324 3771 -0.6420159472315121
1339 3771 -0.07768489720764438
1354 3771 0.15953334653750395
1369 3771 -0.16729411959015938
1384 3771 0.7496483605567938
1399 3771 0.9868314748392937
3756 3771 0.1061752074077871
3770 3771 -5.615986879834934
1414 3772 0.059880084412945345
1429 3772 -0.14457777212709
1444 3772 -0.2345835025094496
1459 3772 0.7166323244728303
1474 3772 -0.7251325772223423
1489 3772 -0.42893884360899803
1504 3772 -0.9175596048454435
1519 3772 -0.9988113401391894
1534 3772 -5.615986879834934
1549 3772 0.1061752074077871
1564 3772 -0.5272820573926247
1579 3772 -0.9623500057492012
3757 3772 0.1061752074077871
3771 3772 -5.615986879834934
814 3784 -0.045151073925166374
829 3784 0.055117007096310455
859 3784 -5.615986879834934
874 3784 0.30756112349659936
904 3784 -0.8726069047811078
919 3784 0.17753477503079673
934 3784 0.15940849803567447
949 3784 -0.10019535710609184
964 3784 0.4286643642643646
979 3784 0.12100215258557467
994 3785 0.9897770792729648
1009 3785 -0.9963906327156351
1024 3785 0.516160719185961
1039 3785 -0.016426332846989578
1054 3785 0.7932593050845693
1069 3785 0.8216226699123783
1084 3785 0.5288366013850501
1099 3785 -0.15543999367875982
1114 3785 0.1888835193183418
1129 3785 -0.7817464469334376
1144 3785 0.7612168337048759
1159 3785 -0.22292096351268453
3784 3785 -5.615986879834934
1174 3786 0.015253438010647935
1189 3786 -0.9774701751235062
1204 3786 0.04338778030533552
1219 3786 -0.18111905455467858
1234 3786 0.059170630911673516
1249 3786 -0.9066445804337293
1264 3786 0.6912943630934958
1279 3786 0.2217509306835428
1294 3786 -0.18545486824635637
1309 3786 -0.08524552679938968
1324 3786 0.7582778961966021
1339 3786 -0.8491671679559958
3785 3786 -5.615986879834934
1354 3787 0.70557583765873
1369 3787 -0.6275198682835361
1384 3787 0.12049098669264824
1399 3787 -0.1915074811752151
1414 3787 0.35686120976947633
1429 3787 0.3917099925099192
1444 3787 -0.9346719898480804
1459 3787 -0.4278737831939132
1474 3787 -0.20009940668601267
1489 3787 0.055117007096310455
1504 3787 0.6009483333133432
1519 3787 -0.4141895211048996
3786 3787 -5.615986879834934
1534 3788 0.2766104925293338
1549 3788 0.3505052944559731
1564 3788 -0.3147668313720224
1579 3788 -0.4231177242185278
1594 3788 -0.3147668313720224
3787 3788 -5.615986879834934
814 3799 -0.11755587465579247
829 3799 -5.615986879834934
859 3799 0.055117007096310455
874 3799 -0.1887870125529941
904 3799 0.47200984416546565
919 3799 0.9254987213759909
934 3799 -0.36056178721401655
949 3799 0.07835988977365549
964 3799 -0.7978453078788783
979 3799 -0.039316227733739106
3784 3799 0.055117007096310455
994 3800 0.7823835308213449
1009 3800 -0.07204844211314843
1024 3800 -0.8059632221478092
1039 3800 -0.00879059261943671
1054 3800 -0.9720180247933452
1069 3800 -0.661083511133147
1084 3800 -0.25936436770894455
1099 3800 0.18375831849416602
1114 3800 -0.6864620818762694
1129 3800 0.1451407780783054
1144 3800 0.3792194333693415
1159 3800 -0.5710808661663891
3785 3800 0.055117007096310455
3799 3800 -5.615986879834934
1174 3801 -0.9949558674429813
1189 3801 -0.2820509443338566
1204 3801 0.4150814538942724
1219 3801 -0.8887595380272979
1234 3801 -0.12899947345510165
1249 3801 0.3585129396909579
1264 3801 0.6023030104626095
1279 3801 0.5581548517999384
1294 3801 -0.520433379643388
1309 3801 0.9368696310627258
1324 3801 0.11286569560496673
1339 3801 0.03423113596757643
3786 3801 0.055117007096310455
3800 3801 -5.615986879834934
1354 3802 -0.34319805713164553
1369 3802 0.13991697656150526
1384 3802 -0.566065279011098
1399 3802 -0.1609700298541854
1414 3802 -0.780870769284977
1429 3802 0.22346079583918332
1444 3802 -0.414214592480074
1459 3802 -0.8453751433945367
1474 3802 -0.0767272388213609
1489 3802 -5.615986879834934
1504 3802 -0.0037611597698222754
1519 3802 0.1731850581921902
3787 3802 0.055117007096310455
3801 3802 -5.615986879834934
814 3814 -0.4298206085155081
829 3814 0.19910087715025915
859 3814 0.2984249706891282
874 3814 -0.050308874162899836
905 3814 0.9570688929116731
920 3814 -0.4743521339480068
935 3814 0.20429474785601653
950 3814 0.017554667583766337
964 3814 -0.1730549697170083
979 3814 -0.10209406087007933
994 3815 0.753709792189986
1009 3815 0.8355078559878413
1024 3815 0.9211768700673593
1039 3815 0.8486673757837639
1054 3815 -0.07848071677715351
1069 3815 0.809016592049125
1085 3815 -0.226569593658837
1100 3815 -0.20652110560235393
1115 3815 0.8309788487631358
1130 3815 -0.08218065141876973
1144 3815 -0.6202847772525941
1159 3815 -0.37231445914697625
3814 3815 -5.615986879834934
1174 3816 0.2070103352311703
1189 3816 -0.12232195856419614
1204 3816 0.3766929559700394
1219 3816 0.8698225013199652
1234 3816 -0.576649758527326
1249 3816 -0.016706420517164533
1265 3816 0.4091137483772067
1280 3816 0.6423245512274693
1295 3816 0.26395595412547035
1310 3816 0.11705266846316587
1324 3816 -0.41773118155096
1339 3816 0.15672301296630287
3815 3816 -5.615986879834934
1354 3817 0.15740644390876257
1369 3817 0.3787499958103071
1384 3817 -0.9145117195236196
1399 3817 0.17255581779928675
1414 3817 -0.18760971708968088
1429 3817 0.024219718143022817
1445 3817 0.297813080511778
1460 3817 0.17086012485036117
1475 3817 0.6502305177876033
1490 3817 -0.050308874162899836
1504 3817 -0.7910213765899603
1519 3817 -0.8895719425627922
3816 3817 -5.615986879834934
1534 3818 -0.2443136110023798
1549 3818 -0.9324057083111787
1564 3818 -0.32930886254807146
1579 3818 -0.35565264235828664
1594 3818 -0.32930886254807146
1640 3818 -5.615986879834934
3817 3818 -5.615986879834934
814 3829 0.15225904614969799
829 3829 -0.1887870125529941
859 3829 0.30756112349659936
874 3829 -5.615986879834934
905 3829 0.006401138168079856
920 3829 0.04610059696735169
935 3829 -0.3713323810891055
950 3829 -0.4486963940415196
964 3829 0.14999637398839596
979 3829 -0.3303445732458854
3814 3829 -0.050308874162899836
994 3830 0.2265341006496333
1009 3830 0.513677958186054
1024 3830 -0.1905044864857086
1039 3830 -0.25108545087088197
1054 3830 0.3616205485663333
1069 3830 0.08207734836277925
1085 3830 -0.6634820922149272
1100 3830 -0.5720519369681907
1115 3830 -0.9070434933574103
1130 3830 -0.3353508612798979
1144 3830 -0.5982827575586847
1159 3830 0.7647486402407486
3815 3830 -0.050308874162899836
3829 3830 -5.615986879834934
1174 3831 -0.6050862569824669
1189 3831 -0.8041526956608398
1204 3831 0.5927156412625503
1219 3831 -0.12149272487945839
1234 3831 0.42143190342808823
1249 3831 0.5554321128578201
1265 3831 -0.5781066721989172
1280 3831 0.8020850454213413
1295 3831 0.04843094290062355
1310 3831 0.28480619462263457
1324 3831 -0.45651230983947433
1339 3831 -0.459595504457575
3816 3831 -0.050308874162899836
3830 3831 -5.615986879834934
1354 3832 0.4992616286288514
1369 3832 -0.5763238704333828
1384 3832 -0.7864988749144055
1399 3832 -0.658694307031991
1414 3832 0.48087257808609496
1429 3832 0.04390163185098254
1445 3832 0.04166391003310155
1460 3832 -0.810150013387076
1475 3832 -0.3247026696611165
1490 3832 -5.615986879834934
1504 3832 -0.24460420777998704
1519 3832 0.277692622446126
3817 3832 -0.050308874162899836
3831 3832 -5.615986879834934
1534 3833 0.3659388178478584
1549 3833 0.23444077642993555
1564 3833 0.14250439078607102
1579 3833 -0.07927870364730816
1594 3833 0.14250439078607102
1640 3833 -0.050308874162899836
3818 3833 -0.050308874162899836
3832 3833 -5.615986879834934
814 3844 -5.615986879834934
829 3844 -0.11755587465579247
859 3844 -0.045151073925166374
874 3844 0.15225904614969799
905 3844 0.30454905786496833
920 3844 0.14404412517685328
935 3845 0.24914672714250585
950 3845 0.41127789137584325
964 3845 -0.4389187951222191
979 3845 -0.017721775106402382
994 3845 0.04544200004803933
1009 3845 0.7160531218007173
1024 3845 0.6365597137786507
1039 3845 -0.8354732753797676
1054 3845 -0.540138049013023
1069 3845 -0.30374683668930613
1085 3845 0.3670024951908706
1100 3845 -0.6523196849346307
3844 3845 -5.615986879834934
1115 3846 0.6240916931624503
1130 3846 0.13092486546214044
1144 3846 -0.8968683873543402
1159 3846 -0.344950985307398
1174 3846 -0.46810657332913586
1189 3846 -0.21133376603933174
1204 3846 0.6354039951370387
1219 3846 0.8739324921967804
1234 3846 0.8814738117252472
1249 3846 0.5961062828185761
1265 3846 -0.4867912965314405
1280 3846 -0.7358177282568634
3845 3846 -5.615986879834934
1295 3847 0.31484552203850447
1310 3847 0.40307762250893875
1324 3847 -0.7765618975162947
1339 3847 0.678188344160729
1354 3847 -0.9506126137272799
1369 3847 -0.22286276729675492
1384 3847 -0.9412916794039237
1399 3847 0.30753605229993863
1414 3847 -0.4398888312817768
1429 3847 -0.08372544174872444
1445 3847 0.9987126929674011
1460 3847 0.3640428947555838
3846 3847 -5.615986879834934
1475 3848 0.35412026941118446
1490 3848 0.15225904614969799
1504 3848 -0.298288625068414
1519 3848 -0.007222700185098185
1534 3848 0.7337729417763283
1549 3848 -0.8202541461351207
1564 3848 0.20835792606177167
1579 3848 -0.5599247339849382
1594 3848 0.20835792606177167
1640 3848 -0.4298206085155081
3847 3848 -5.615986879834934
814 3859 -0.08372544174872444
829 3859 0.22346079583918332
859 3859 0.3917099925099192
874 3859 0.04390163185098254
905 3859 0.13438397341111274
920 3859 -0.5599574487853263
3844 3859 -0.08372544174872444
935 3860 -0.13670599837437947
950 3860 0.4472763523639116
964 3860 0.4307273522949029
979 3860 -0.4699019614825857
994 3860 -0.1580345485591308
1009 3860 -0.040235426982948796
1024 3860 -0.30146718145051454
1039 3860 0.6522621977463239
1054 3860 -0.18774309803524591
1069 3860 0.16970092548007254
1085 3860 -0.8196590521986378
1100 3860 0.22669663063918422
3845 3860 -0.08372544174872444
3859 3860 -5.615986879834934
1115 3861 0.03617620659486098
1130 3861 -0.0017987784922521843
1144 3861 -0.9300198248013232
1159 3861 -0.8798336651497289
1174 3861 -0.7139691962134156
1189 3861 -0.3047005596980408
1204 3861 -0.48857628347547344
1219 3861 0.3457115255861145
1234 3861 -0.7299898503146776
1249 3861 -0.7411714467147106
1265 3861 -0.03708509926041392
1280 3861 -0.21438706942784447
3846 3861 -0.08372544174872444
3860 3861 -5.615986879834934
1295 3862 0.6353137191322018
1310 3862 0.7065772120520872
1324 3862 0.5351620459241639
1339 3862 0.9666218235891513
1354 3862 -0.9301895329337382
1369 3862 0.6078217730319522
1384 3862 0.5851135827371541
1399 3862 0.25122036834960415
1414 3862 0.3325176888101766
1429 3862 -5.615986879834934
1445 3862 -0.5417419063861066
1460 3862 -0.09344657035785775
3847 3862 -0.08372544174872444
3861 3862 -5.615986879834934
1475 3863 0.7760167281524069
1490 3863 0.04390163185098254
1504 3863 0.13926761835121315
1519 3863 0.8682749748125198
1534 3863 -0.14457777212709
1549 3863 -0.15999196636168056
1564 3863 -0.12740612145284533
1579 3863 0.07491562208046199
1594 3863 -0.12740612145284533
1640 3863 0.024219718143022817
3848 3863 -0.08372544174872444
3862 3863 -5.615986879834934
935 3875 -5.615986879834934
950 3875 -0.15991520726584507
964 3875 0.46808924445652844
979 3875 -0.2220799972300499
994 3875 -0.29391815077528416
1009 3875 -0.11644497362567396
1025 3875 0.6880828489758246
1040 3875 0.17794286914919244
1055 3875 -0.5500646644121749
1070 3875 0.21380428613405633
1085 3875 -0.06640823605778823
1100 3875 -0.8915434290330817
1115 3876 0.2966059526586433
1130 3876 -0.9214136617868824
1144 3876 -0.6025301994195271
1159 3876 0.56002442126642
1174 3876 0.7386280683249253
1189 3876 -0.6438891990707982
1205 3876 -0.8620531687551403
1220 3876 0.02338996058983378
1235 3876 -0.17450126678053957
1250 3876 -0.06941715416120009
1265 3876 -0.9140231496334112
1280 3876 -0.13192852015289103
3875 3876 -5.615986879834934
1295 3877 -0.7141282296194673
1310 3877 -0.7529578778862949
1324 3877 -0.32545878354729707
1339 3877 -0.20831767814113167
1354 3877 0.3350403722708595
1369 3877 0.9177470792458582
1385 3877 -0.3856802184692809
1400 3877 0.667028686070678
1415 3877 -0.1448391438903099
1445 3877 0.054491398757926635
1460 3877 0.2706701989270812
3876 3877 -5.615986879834934
1475 3878 0.3389822236090805
1490 3878 -0.3713323810891055
1504 3878 0.9583174306555549
1519 3878 0.2380246376888866
1534 3878 0.48220712941025035
1549 3878 0.198154301432931
1580 3878 0.05564570210346331
1595 3878 -0.16189296366449024
1640 3878 0.20429474785601653
3877 3878 -5.615986879834934
935 3890 -0.11644497362567396
950 3890 0.1282039722562457
964 3890 -0.00823217328969783
979 3890 0.353983364608461
994 3890 -0.03790153608288122
1009 3890 -5.615986879834934
1025 3890 -0.08748625199086402
1040 3890 -0.35036292947549275
1055 3890 0.5834837862134925
1070 3890 -0.30744929330116555
1085 3890 -0.11269030799005109
1100 3890 0.883526531256702
3875 3890 -0.11644497362567396
1115 3891 -0.40490533299803655
1130 3891 0.034248020065471674
1144 3891 0.24832936541568928
1159 3891 -0.5530249984489417
1174 3891 0.36450589924840116
1189 3891 -0.49702668138669204
1205 3891 0.7836628772526024
1220 3891 -0.1855345469129509
1235 3891 -0.31099576923802286
1250 3891 -0.204391807019637
1265 3891 -0.36075740562590886
1280 3891 -0.10396539776374136
3876 3891 -0.11644497362567396
3890 3891 -5.615986879834934
1295 3892 0.35141519274841826
1310 3892 -0.39311513643195417
1324 3892 0.1560814724704692
1339 3892 -0.02992855114917603
1354 3892 -0.045263576670519834
1369 3892 0.06036847187024208
1385 3892 -0.35237906769587823
1400 3892 0.0755115306019376
1415 3892 -5.615986879834934
1445 3892 -0.33508564625924553
1460 3892 0.027079841138388128
3877 3892 -0.1448391438903099
3891 3892 0.47995212424880873
1475 3893 -0.17523640027113763
1490 3893 0.48087257808609496
1504 3893 -0.40333279241845965
1519 3893 0.030828763036111262
1534 3893 0.059880084412945345
1549 3893 -0.08017337912167355
1580 3893 0.3352682419609154
1595 3893 -0.10262993344231286
1640 3893 -0.18760971708968088
3878 3893 -0.1448391438903099
3892 3893 -5.615986879834934
875 3904 -5.615986879834934
905 3904 0.05512346490398112
920 3904 0.23454827673657874
935 3904 0.46808924445652844
950 3904 -0.4714064605523558
964 3904 -5.615986879834934
979 3904 -0.4220030853692114
994 3904 -0.8925756237136724
1009 3904 -0.00823217328969783
1025 3904 0.8721743587660997
1040 3904 0.5710632540023048
1055 3905 -0.37970271129224353
1070 3905 0.9082611748939251
1085 3905 0.8000813999377374
1100 3905 0.23175403385270044
1115 3905 -0.7865810424741109
1130 3905 -0.8966961389611179
1144 3905 -0.7105656727521987
1159 3905 0.7271792888949569
1174 3905 0.5062388380615959
1189 3905 0.13129574638119035
1205 3905 0.2760640255551581
1220 3905 0.9221198764100551
3904 3905 -5.615986879834934
1235 3906 0.19691874215691096
1250 3906 0.6550490932700346
1265 3906 -0.6173572813357748
1280 3906 -0.2770097893665433
1295 3906 0.6931737580674133
1310 3906 0.9848701466284155
1324 3906 0.23418734409690445
1339 3906 -0.09611173210042984
1354 3906 0.08716983935019962
1369 3906 -0.6460143713143975
1385 3906 -0.8145649649110183
1400 3906 -0.504160378735719
3905 3906 -5.615986879834934
1415 3907 0.20964220271136758
1445 3907 -0.261941470738172
1460 3907 0.5122356497805824
1475 3907 0.2046936578052574
1490 3907 0.14999637398839596
1504 3907 0.588733573470896
1519 3907 0.2854860474067671
1534 3907 0.2506087310862073
1549 3907 0.027317525579787505
1580 3907 -0.561228619527357
3906 3907 -5.615986879834934
1595 3908 -0.14182590353684987
1640 3908 -0.1730549697170083
3907 3908 -5.615986879834934
875 3919 -0.09611173210042984
905 3919 -0.29188653290944955
920 3919 -0.40091087944584713
935 3919 -0.20831767814113167
950 3919 0.41887759095866994
964 3919 -0.09611173210042984
979 3919 0.6612429014662011
994 3919 -0.6820122691238735
1009 3919 0.8822620051946142
1025 3919 -0.03452147994224308
1040 3919 -0.07089647447907765
3904 3919 -0.09611173210042984
1055 3920 0.5105671509492775
1070 3920 -0.5149301995393198
1085 3920 -0.6710357311189938
1100 3920 0.07976648440650491
1115 3920 -0.5799982650404019
1130 3920 -0.6199337448453306
1144 3920 -0.6114801437965482
1159 3920 -0.04141425453819969
1174 3920 -0.5621967529436793
1189 3920 -0.6060441538567669
1205 3920 0.20798294702411968
1220 3920 0.2637670182762004
3905 3920 -0.09611173210042984
3919 3920 -5.615986879834934
1235 3921 -0.7757493430479019
1250 3921 -0.8850195259458993
1265 3921 0.857866929521216
1280 3921 -0.6874137651875338
1295 3921 0.5106223469210707
1310 3921 -0.4614896415950511
1324 3921 -0.3982752247553547
1339 3921 -5.615986879834934
1354 3921 -0.3914386850470981
1369 3921 -0.24571275444394525
1385 3921 -0.8051781521252794
1400 3921 -0.9192296053411406
3906 3921 -0.09611173210042984
3920 3921 -5.615986879834934
1415 3922 -0.02992855114917603
1445 3922 0.666770030954746
1460 3922 0.09987409267385339
1475 3922 0.6252203687943876
1490 3922 -0.459595504457575
1504 3922 0.7888632043501664
1519 3922 -0.6707544630888729
1534 3922 -0.07768489720764438
1549 3922 0.3531025350925834
1580 3922 -0.98481848339562
3907 3922 -0.09611173210042984
3921 3922 -5.615986879834934
1595 3923 -0.9102732639366922
1640 3923 0.15672301296630287
3908 3923 -0.09611173210042984
3922 3923 -5.615986879834934
875 3934 0.23454827673657874
905 3934 0.037644127140973205
920 3934 -5.615986879834934
935 3934 0.5642684184626918
950 3934 0.11544157109098037
980 3934 0.02499778820058407
995 3934 -0.9241028706439727
1010 3934 0.6799966573668204
1025 3934 0.35909481492929407
1040 3934 -0.7469629085149847
1055 3935 -0.08276091289582377
1070 3935 0.8181504212485993
1085 3935 -0.9101191077915447
1100 3935 0.31040612816795643
1115 3935 -0.5158206077832224
1130 3935 -0.26578224418992136
1145 3935 -0.3075780469440843
1160 3935 0.6485280837846876
1175 3935 0.06698407044977683
1190 3935 0.07801864484854293
1205 3935 0.551757746035074
1220 3935 -0.4730408565347648
3934 3935 -5.615986879834934
1235 3936 -0.4483494369199612
1250 3936 -0.3434868423889543
1265 3936 0.6021602105502817
1280 3936 -0.8488203786939803
1295 3936 -0.02909191870423511
1310 3936 0.5180813363193022
1325 3936 -0.1140812198866904
1340 3936 -0.4265512259223373
1355 3936 -0.9704636441572552
1370 3936 0.8378287738635497
1385 3936 -0.9728127028074849
1400 3936 -0.4511479216369576
3935 3936 -5.615986879834934
1415 3937 -0.5208210916971865
1445 3937 0.0727821995807747
1460 3937 -0.4265512259223373
1475 3937 -0.9735520425226847
1490 3937 0.04610059696735169
1505 3937 -0.525015447850741
1520 3937 0.8218424284957413
1580 3937 -0.08980761965406348
3936 3937 -5.615986879834934
875 3949 -0.4714064605523558
905 3949 0.1515081853434358
920 3949 0.11544157109098037
935 3949 -0.15991520726584507
950 3949 -5.615986879834934
980 3949 0.2152569864041115
995 3949 0.04767085033660923
1010 3949 0.1282039722562457
1025 3949 0.3662073477494616
1040 3949 -0.4629960911349107
3934 3949 0.11544157109098037
1055 3950 -0.3917578942289861
1070 3950 0.9189425824562993
1085 3950 -0.6775875994925344
1100 3950 -0.4639577496115286
1115 3950 -0.0013396188970880019
1130 3950 0.057670282347873636
1145 3950 -0.7563721620979178
1160 3950 -0.6999048157122321
1175 3950 -0.2673436045416482
1190 3950 0.5336732024358104
1205 3950 0.7675355972835152
1220 3950 0.36336469146444217
3935 3950 0.11544157109098037
3949 3950 -5.615986879834934
1235 3951 0.3271256226910486
1250 3951 -0.045486928628152956
1265 3951 -0.44927356132271057
1280 3951 0.6681945684421298
1295 3951 -0.5721628787125492
1310 3951 0.27062165170007446
1325 3951 0.3901986432298886
1340 3951 -0.1543742200214332
1355 3951 -0.24069621216434056
1370 3951 -0.5893994871766062
1385 3951 -0.31906422014401126
1400 3951 0.7468305515510154
3936 3951 0.11544157109098037
3950 3951 -5.615986879834934
1415 3952 0.7932839446659901
1445 3952 0.274340139980944
1460 3952 -0.1543742200214332
1475 3952 -0.44175223487874393
1490 3952 -0.4486963940415196
1505 3952 -0.18701699475142175
1520 3952 -0.2755056451935489
1580 3952 -0.35740797439491234
3937 3952 0.11544157109098037
3951 3952 -5.615986879834934
1595 3953 -0.2673724910458628
1640 3953 0.017554667583766337
3952 3953 -5.615986879834934
995 3965 -0.7593414661631432
1010 3965 0.9170604299926512
1025 3965 0.3716087038087149
1040 3965 0.7043874540231323
1055 3965 0.669155639893593
1070 3965 -0.1853730931763371
1085 3965 -0.280517459123814
1100 3965 -0.9593169797429302
1115 3965 -0.10847773129615645
1130 3965 0.4416479989065949
1145 3965 -0.2954865034995624
1160 3965 -0.4203795714174945
1175 3966 0.2539290597965769
1190 3966 -0.7319492619985835
1205 3966 -0.06857658693720207
1220 3966 -0.28010928047862493
1235 3966 -0.06665577704094272
1250 3966 -0.08028543156265744
1265 3966 -0.04515113644463287
1280 3966 0.7552833362656897
1295 3966 -5.615986879834934
1310 3966 0.08452080649891076
1325 3966 0.10681599912157691
1340 3966 -0.18842109634721016
3965 3966 -5.615986879834934
1355 3967 -0.4222008798363426
1370 3967 0.09718896752611672
1385 3967 -0.030021391480063164
1400 3967 -0.3048832948698714
1415 3967 0.35141519274841826
1445 3967 -0.08301524629781565
1460 3967 -0.18842109634721016
1475 3967 -0.032722350159192004
1490 3967 0.04843094290062355
1505 3967 0.014018170559865095
1520 3967 -0.2142692986433432
3966 3967 -5.615986879834934
875 3979 0.23418734409690445
905 3979 0.6345917422599241
920 3979 -0.1140812198866904
935 3979 -0.32545878354729707
950 3979 0.3901986432298886
980 3979 0.7678049508723106
995 3980 -0.004512759205186123
1010 3980 -0.06803152092058817
1025 3980 0.3083299505341801
1040 3980 -0.23943711319413197
1055 3980 0.15772621303729983
1070 3980 -0.48772433616572153
1085 3980 -0.5954946163782493
1100 3980 -0.5223500883964802
1115 3980 -0.7346458491582373
1130 3980 -0.6555603737261448
1145 3980 0.7684970035236374
1160 3980 -0.7535643926536726
3965 3980 0.10681599912157691
3979 3980 -5.615986879834934
1175 3981 -0.3648629049493075
1190 3981 0.7061626640753533
1205 3981 -0.23689166354636204
1220 3981 0.4333762098720735
1235 3981 -0.9436928057824914
1250 3981 -0.5224570145332388
1265 3981 -0.2606147133684835
1280 3981 0.02327497616471741
1295 3981 0.10681599912157691
1310 3981 0.6623279282418952
1325 3981 -5.615986879834934
1340 3981 -0.03599435356705882
3966 3981 0.10681599912157691
3980 3981 -5.615986879834934
1355 3982 -0.1714963185572771
1370 3982 0.4677136753557951
1385 3982 -0.5645573454054702
1400 3982 -0.45913031934158943
1415 3982 0.1560814724704692
1445 3982 -0.3258617831465631
1460 3982 -0.03599435356705882
1475 3982 0.590276941038606
1490 3982 -0.45651230983947433
1505 3982 -0.9341297175510985
1520 3982 0.8951995669348884
3967 3982 0.10681599912157691
3981 3982 -5.615986879834934
1580 3983 -0.4317313928531714
1595 3983 -0.5146363418810593
1640 3983 -0.41773118155096
3982 3983 -5.615986879834934
995 3995 -0.7225744491759951
1010 3995 0.7108749193130941
1025 3995 -0.42411444444156654
1040 3995 0.3264425853051298
1055 3995 -0.20828281093024947
1070 3995 0.3523509569372829
1086 3995 0.45112932887008195
1101 3995 0.7681514111993735
1116 3995 -0.031197690767400088
1131 3995 0.6816755940854411
1145 3995 0.3887180051048118
1160 3995 -0.2342167153628445
1175 3996 0.5565960840780884
1190 3996 0.8027745821812444
1205 3996 0.17353785667347132
1220 3996 -0.34634213053966834
1235 3996 -0.09165833998024286
1250 3996 0.7746183475191877
1266 3996 -0.05716345083140628
1281 3996 0.29046048524872625
1311 3996 -0.9102049900466729
1325 3996 -0.03599435356705882
1340 3996 -5.615986879834934
3995 3996 -5.615986879834934
1355 3997 0.4754722240556599
1370 3997 0.25120794222878073
1385 3997 -0.06720913004546847
1400 3997 -0.22687185060166282
1415 3997 0.027079841138388128
1446 3997 0.06573008724899458
1461 3997 -5.615986879834934
1476 3997 -0.22687185060166282
1505 3997 0.20519716821703993
1520 3997 0.6212561596359114
3996 3997 -5.615986879834934
995 4010 0.23070900017369333
1010 4010 0.47995212424880873
1025 4010 0.40135601098150353
1040 4010 0.4079303431520198
1055 4010 0.7565438445136994
1070 4010 0.46653442924391597
1086 4010 0.8008995729392805
1101 4010 -0.9908248581670109
1116 4010 -0.5924728812797178
1131 4010 0.9735832282476651
1145 4010 0.10895646903506018
1160 4010 0.7533523550986003
3995 4010 0.027079841138388128
1175 4011 -0.2437221950608286
1190 4011 0.508547946437814
1205 4011 0.5955544727090452
1220 4011 -0.31337651000187017
1235 4011 0.20123019085846305
1250 4011 -0.7345663790267987
1266 4011 0.4275787085892693
1281 4011 0.8309979572658073
1311 4011 -0.39311513643195417
1325 4011 0.1560814724704692
1340 4011 0.027079841138388128
3996 4011 0.027079841138388128
4010 4011 -5.615986879834934
1355 4012 -0.045263576670519834
1370 4012 0.06036847187024208
1385 4012 -0.35237906769587823
1400 4012 0.0755115306019376
1415 4012 -5.615986879834934
1446 4012 -0.33508564625924553
1461 4012 0.027079841138388128
1476 4012 0.0755115306019376
1505 4012 -0.40333279241845965
1520 4012 0.030828763036111262
3997 4012 0.027079841138388128
4011 4012 -5.615986879834934
980 4025 0.1336074779981773
995 4025 -0.7961550196954292
1010 4025 0.6649452945169876
1025 4025 0.4434056908764108
1040 4025 0.2188925169345517
1055 4025 -0.11858962822232955
1070 4025 -0.35520640447912366
1086 4025 -0.6960765844380998
1101 4025 -0.9722749927416654
1116 4026 -0.2642793190331296
1131 4026 0.97863108519973
1145 4026 0.10842200913359812
1160 4026 -0.6991433383921664
1175 4026 -0.9226800617961568
1190 4026 0.6979479249048899
1205 4026 -0.33647231776629316
1220 4026 -0.320398018186673
1235 4026 -0.4786386534057545
1250 4026 0.15945493727280038
1266 4026 -0.7125457742785899
1281 4026 0.18866945059490903
4025 4026 -5.615986879834934
1311 4027 -0.202743546951897
1325 4027 -0.45913031934158943
1340 4027 -0.22687185060166282
1355 4027 -0.8204590264769649
1370 4027 -0.2991501212732841
1385 4027 -0.3249605937119489
1400 4027 -5.615986879834934
1415 4027 0.0755115306019376
1446 4027 -0.464934318706854
1461 4027 -0.22687185060166282
4026 4027 -5.615986879834934
1476 4028 -5.615986879834934
1505 4028 0.9196826113110612
1520 4028 -0.28930954989401947
1580 4028 0.3852634140508606
1595 4028 0.04096762496557638
4027 4028 -5.615986879834934
980 4040 0.10026043322059319
995 4040 0.38962097354889647
1010 4040 -0.204391807019637
1025 4040 0.2514876655290563
1040 4040 0.025551884204453312
1055 4040 -0.24250416363567018
1070 4040 0.09463489881103504
1086 4040 -0.7711127079417612
1101 4040 -0.8312255370498043
4025 4040 0.15945493727280038
1116 4041 -0.4152542028083779
1131 4041 0.15353144612437797
1145 4041 -0.2772734951889091
1160 4041 -0.8784782531245734
1175 4041 0.23831770777102967
1190 4041 0.6800729623879256
1205 4041 0.024657851448598
1220 4041 0.4227394043588435
1235 4041 0.07082363442358112
1250 4041 -5.615986879834934
1266 4041 -0.7960430988430107
1281 4041 0.4855594987191927
4026 4041 0.15945493727280038
4040 4041 -5.615986879834934
980 4055 0.3343436825967039
995 4055 0.5076973421579203
1010 4055 -0.10396539776374136
1026 4055 0.05241810733427532
1041 4055 -0.17264507051597744
1056 4055 -0.6136277462319064
1071 4055 -0.7467556548618817
1086 4055 0.9663373720267046
1101 4055 0.34419793601821813
1116 4056 0.23161523796863182
1131 4056 -0.3000972278830367
1145 4056 -0.03365967569930417
1160 4056 0.1631449777364664
1175 4056 -0.6818536589786037
1190 4056 -0.22890040496089026
1206 4056 0.4065970422684022
1221 4056 -0.27890658361054665
1266 4056 -0.0850991284881358
1281 4056 -5.615986879834934
4055 4056 -5.615986879834934
1311 4057 0.3869566211342439
1325 4057 0.02327497616471741
1340 4057 0.29046048524872625
1355 4057 -0.9126896639501183
1370 4057 -0.8856516578104356
1446 4057 0.14638223854084853
1461 4057 0.29046048524872625
4056 4057 -5.615986879834934
1476 4058 0.18866945059490903
1505 4058 0.21703685525928496
1520 4058 -0.5786423951629116
4057 4058 -5.615986879834934
980 4070 -0.3993485702252956
995 4070 0.9492177246801019
1010 4070 -0.36075740562590886
1026 4070 0.17096551310490027
1041 4070 0.4126190364891309
1056 4070 -0.43531780022359357
1071 4070 0.018510224638510486
1086 4070 -0.008192637691136317
1101 4070 0.191414347614294
4055 4070 -0.0850991284881358
1116 4071 -0.31762496471135626
1131 4071 -0.6460920236967078
1145 4071 -0.7883050668579974
1160 4071 0.7153290798942087
1175 4071 -0.6743492985888897
1190 4071 -0.33318939586432406
1206 4071 -0.09172337919187223
1221 4071 0.02771066481793416
1266 4071 -5.615986879834934
1281 4071 -0.0850991284881358
4056 4071 -0.0850991284881358
4070 4071 -5.615986879834934
980 4084 -0.33067273912236994
995 4084 -0.770736876960072
1010 4084 -0.30744929330116555
1026 4084 -0.15750679929203915
1041 4084 0.840090114194243
1056 4085 0.139952598744918
1071 4085 -5.615986879834934
1086 4085 0.33305072568879834
1101 4085 -0.27226954676828913
1116 4085 0.40434363364675385
1131 4085 0.3214833659770897
1145 4085 0.11191504089889781
1160 4085 0.474215263577628
1175 4085 0.5369021227820852
1190 4085 0.9970819365817194
1206 4085 -0.1518187334378186
1221 4085 -0.07925454928097153
4084 4085 -5.615986879834934
1056 4100 0.2905866792973404
1071 4100 -0.27226954676828913
1086 4100 -0.06434313833504778
1101 4100 -5.615986879834934
1116 4100 0.2341677465603559
1131 4100 -0.12624269461380921
1145 4100 0.10291727887955893
1160 4100 -0.3311560798514048
1175 4100 -0.15437213370706826
1190 4100 0.19082421336214395
1206 4100 -0.2592071473325164
1221 4100 0.2762665497680637
4085 4100 -0.27226954676828913
1266 4131 -5.615986879834934
1281 4131 -0.0850991284881358
1311 4131 0.32046177523969666
1026 4145 0.025754423418546835
1041 4145 -0.4172282703958523
1056 4145 -0.5241673580278245
1071 4145 0.40434363364675385
1086 4145 0.5322812456380548
1101 4145 0.2341677465603559
1116 4145 -5.615986879834934
1131 4145 -0.14889180097482857
1146 4145 -0.18825404592132813

qpu_sampling_time
17.700 ms
qpu_anneal_time_per_sample
20 s
qpu_readout_time_per_sample
136 s
qpu_access_time
33.460 ms
qpu_access_overhead_time
1.431 ms
qpu_programming_time
15.760 ms
qpu_delay_time_per_sample
21 s
total_post_processing_time
2.047 ms
post_processing_overhead_time
2.047 ms